8538
880
474
1632
1156
1886
492
1280
1608
478
56
340
828
1946
662
1846
1736
1156
682
1440
850
1178
50
1104
1082
1944
1720
1772
1086
1730
1206
72
1850
1652
254
342
482
176
418
1152
1924
808
882
992
1770
756
1360
1288
1686
922
986
440
750
370
814
42
1034
1800
1810
1104
1218
744
1112
1520
384
664
1774
1164
308
380
1272
1442
1000
1182
1110
1742
206
648
58
954
1774
438
262
1708
1798
1644
848
358
1304
264
282
1222
396
1396
1224
322
82
1442
1396
862
1988
1604
60
182
476
860
360
1998
648
1396
1480
1328
106
300
820
208
1216
56
1160
1088
1692
1538
190
846
1604
1186
1886
1892
836
1432
412
1336
1218
1362
916
1504
28
582
1512
152
964
1576
1636
1112
666
964
1280
512
160
918
954
1796
264
1738
1920
614
212
1802
1946
24
456
1492
430
1276
1632
1332
1602
1708
1122
1700
1956
824
390
304
766
1952
298
1050
1126
1018
1196
392
500
694
676
1746
1108
1602
576
588
366
1538
672
942
1180
528
1950
1750
598
210
106
70
232
804
684
1562
828
984
1892
1784
1104
704
180
1752
1202
1398
510
1014
294
1356
194
1650
1620
1654
150
916
196
1020
942
1602
438
1996
862
96
1614
1838
1186
432
702
1090
360
980
492
264
1330
1026
300
1282
746
1758
490
1878
1660
68
1072
1702
960
684
1822
630
452
720
680
1426
1824
796
1484
1972
124
948
976
1626
500
934
4
730
1542
924
78
128
1066
316
162
1522
66
1834
1912
1168
1562
1952
358
1848
1038
384
388
968
1448
322
1162
1062
404
372
844
1270
1242
1120
1874
1084
650
574
132
662
554
1498
1334
1146
920
920
296
1792
1284
1378
1066
288
766
596
780
948
82
704
1470
1362
1094
586
1860
292
1560
448
288
1614
1512
1066
876
1588
580
1922
370
54
258
1238
88
750
742
76
658
1498
722
1202
188
502
410
142
664
404
554
562
1222
1812
228
422
470
294
628
606
928
1702
814
1718
558
1750
1442
606
314
628
1948
1406
1290
398
744
1072
1014
232
1816
1996
476
416
1342
650
218
1634
650
1036
142
806
258
1904
90
52
1970
1646
1346
1376
1142
1956
1496
964
928
1544
104
1440
338
816
1502
1026
1836
154
26
604
648
42
1686
758
1870
1766
1964
400
276
1600
1178
624
1922
1748
698
1234
1412
1938
1948
1970
928
1418
0
392
140
22
568
738
1784
1688
1102
1074
1460
1492
1170
1418
1862
1642
1544
1746
350
1878
262
316
548
1228
882
982
1606
930
1788
542
502
382
656
1826
820
1542
1562
838
1000
836
1606
1556
684
1834
1852
444
1276
102
690
1450
1426
1524
410
1824
788
962
198
1078
1990
698
144
840
1796
558
202
1042
1636
248
946
1740
852
1472
244
1922
980
660
1968
1760
876
1222
1022
1166
62
498
210
1520
1910
106
1748
576
644
736
1868
1020
324
510
1522
148
1118
718
34
1880
430
1692
1576
1784
568
1352
1598
1718
1990
568
920
148
940
898
1384
578
798
1824
1500
386
936
1316
1064
1922
1506
1446
576
314
1662
1440
632
180
828
864
1610
1316
1356
432
250
530
770
998
646
1056
1966
788
1994
1596
962
78
1192
1996
1682
1782
518
1316
250
278
1014
1314
1716
716
22
1340
982
1736
1772
1362
1500
1482
1270
1152
216
926
658
986
1654
1998
1460
1956
872
1524
402
1968
774
610
1396
666
1586
520
292
1790
142
88
22
188
1562
22
310
1204
1484
246
1104
918
1922
1020
1550
930
380
642
134
728
818
770
174
1380
492
1328
530
1474
596
254
1820
1426
450
1646
718
184
934
1648
602
1094
1484
1698
1368
322
482
632
86
1550
308
920
1994
18
420
808
336
1998
1622
1370
592
172
846
176
1516
206
1514
66
710
130
210
336
820
1700
1810
134
258
1476
1948
1438
1912
686
1504
644
666
698
1140
1622
1204
952
1374
1820
884
930
140
562
1172
1492
22
1046
462
1082
1628
1952
1954
606
440
370
590
1676
596
1028
1188
224
650
316
374
1376
1188
1782
360
1654
1862
196
1010
520
776
990
1852
1032
598
1866
734
1668
1894
1328
916
1784
350
1252
960
1188
248
1746
276
352
822
1602
248
1506
1496
1680
1692
1746
172
108
608
984
1372
612
394
320
384
1172
1984
464
186
448
1322
1348
1744
1778
808
476
10
1860
362
1102
1854
674
296
1842
968
52
1112
1468
1810
868
1700
754
1646
260
478
500
186
208
574
1678
1818
972
1312
246
1598
1606
1784
854
1128
1572
1200
1292
1520
762
612
450
1580
1222
942
1764
354
86
1680
1152
640
504
570
1646
1752
1166
910
1754
1326
1774
1316
1088
784
1084
1958
926
690
1710
1086
564
1308
1420
1604
858
544
364
22
1540
1538
1442
1286
866
642
538
640
836
356
1936
1982
1510
524
1866
508
1576
1798
1562
1474
22
1440
1594
1462
1438
434
454
1498
864
1030
754
820
480
952
1542
1746
1132
618
922
782
228
940
1394
580
1368
674
196
1562
940
1188
426
1104
1382
1894
1434
198
1406
744
1438
1772
1886
238
1766
1794
122
1970
42
1964
1182
992
1550
182
1416
136
1124
702
1468
950
524
1104
956
1854
940
384
1300
618
1854
750
848
1104
1254
1166
604
1410
448
1896
1318
1960
26
1714
1684
1632
916
1574
486
820
1670
802
1530
1052
1238
694
734
514
1312
346
824
1450
1996
956
1598
1462
1658
1232
652
390
1470
414
624
1364
146
1602
1832
1986
482
464
856
1334
1426
368
1912
844
1134
1414
682
1532
66
816
1364
1074
1912
1652
40
1768
798
1024
738
406
628
726
568
1730
1450
922
1930
1068
1628
1200
974
670
726
476
1550
842
1594
1406
56
1792
98
770
2
302
50
1326
980
876
1296
1264
950
464
1912
1858
1918
582
1190
1060
1396
1958
50
386
970
230
1440
1508
1436
1484
678
44
198
408
428
600
1452
624
290
1152
96
1440
418
1620
786
894
670
884
54
1044
472
1334
754
506
218
166
258
1758
1992
1714
1668
1164
1664
316
1992
554
1094
570
60
26
644
1490
1284
852
1976
1486
366
998
212
1482
1226
22
504
900
604
654
1832
380
76
1572
358
508
1226
982
736
1392
1786
902
126
10
1974
1640
144
466
316
562
1290
1612
1270
1366
626
622
770
1324
1182
1994
1156
30
1574
1952
1398
130
1474
366
1758
1144
736
118
450
1712
488
1776
1898
686
1928
1342
86
838
206
198
84
1500
1210
286
1178
1246
864
950
100
662
156
694
982
652
1860
1584
1552
658
1646
1708
1656
10
652
604
1546
1072
1258
1592
1752
1782
1388
1636
1706
1550
1118
1942
172
728
1956
528
320
1800
942
892
758
1576
1884
48
1098
682
600
70
1496
326
1706
1014
464
612
622
1052
732
722
268
1224
962
1070
1914
634
792
1160
1036
944
774
1834
864
1370
1306
320
446
1620
1108
1630
504
1282
328
1798
1680
188
1868
1996
442
1206
1780
1008
1008
274
1394
842
672
1930
1558
1948
460
1216
1860
906
1788
1412
414
774
766
1244
1048
106
1138
684
1370
596
1302
872
1280
1330
1820
1900
1274
1234
1474
286
412
932
178
1718
1026
1166
260
282
170
1932
1386
1536
706
130
824
1626
1300
1166
1262
888
328
1404
728
1524
966
1708
1452
1440
1752
1412
284
374
1316
722
1986
692
962
26
1628
1964
1898
1086
1010
944
342
1096
20
896
718
128
104
50
0
1034
1262
1666
1544
966
1470
812
1522
58
1962
870
1436
82
272
890
852
906
880
1818
712
1132
1512
20
10
146
964
1410
680
354
904
558
4
584
1636
768
306
946
1948
1420
1874
852
1110
198
1274
1674
1904
454
1256
1192
1564
912
1638
1478
838
460
1518
94
174
1656
1746
1982
1248
624
296
1346
198
1440
716
886
894
1790
1486
36
1202
1214
1990
1798
1328
1934
1814
786
1024
672
1492
714
158
158
1624
1546
1312
502
1622
918
216
1850
968
88
324
1620
1554
1562
996
598
1368
1368
1056
630
452
1034
630
1174
210
928
52
286
24
376
1414
122
1738
1982
764
1168
1510
526
240
1038
792
1286
624
1328
1864
732
994
1354
176
328
656
1318
1764
1288
798
1832
1418
26
184
1952
1430
806
472
684
1886
730
1426
570
564
1120
422
1866
1088
882
22
1282
1990
116
1460
1478
704
1092
1842
28
1700
1992
364
1750
1488
1612
1738
1346
1518
258
1446
1630
1844
1326
1432
472
228
378
952
1798
138
1748
1342
1582
642
1372
1040
1234
272
1594
1264
1934
1676
1276
98
646
874
282
1092
1046
1002
1762
1048
1514
1172
236
286
1936
982
1958
994
920
1492
1086
976
648
1488
1912
1146
2
242
320
144
1030
1900
264
1668
948
1202
1844
676
1276
6
1110
1368
1074
250
1138
1982
1420
690
644
444
864
1980
780
224
1482
648
54
1200
1862
1012
1984
444
1482
1542
1618
850
990
224
974
802
194
874
1152
628
544
94
1846
1384
694
1652
1744
1330
508
682
670
1122
1096
490
1356
1370
220
672
12
878
1394
398
826
1530
1588
1700
1544
1860
402
604
1202
954
722
604
274
670
272
1736
228
1136
886
1360
1496
456
880
90
1174
1252
448
1894
1416
1360
1084
1870
696
1580
558
1438
318
1096
1850
608
1948
130
518
1194
1522
1066
1008
90
1966
1630
436
1036
142
1894
568
1114
498
1292
608
1162
368
882
438
266
566
806
1814
316
778
1014
1764
1720
1624
764
904
1768
1170
1706
588
1556
412
1168
1278
1918
572
1302
626
1264
366
1194
1010
1598
994
262
984
1528
1208
604
1660
260
1948
1166
1524
214
1962
694
578
432
1388
1838
1140
1318
1488
1758
1352
1750
490
152
1098
336
1630
50
1966
1496
726
1358
1658
1712
464
748
94
158
852
700
620
114
1372
1666
1030
728
398
930
1176
834
580
368
1806
1164
676
1458
1408
1724
1206
1244
