639
900
606
207
756
630
182
301
480
50
274
979
483
971
225
352
784
159
518
845
767
497
541
632
244
883
983
979
570
380
257
883
680
901
800
750
635
96
976
393
830
662
932
465
567
493
345
684
607
639
594
91
70
596
934
656
798
692
216
645
123
837
807
374
863
436
673
805
475
379
878
378
399
645
33
631
401
334
653
27
734
123
653
32
880
984
343
184
923
558
663
434
609
785
243
667
347
427
579
276
34
156
198
178
995
600
379
359
672
914
815
525
376
937
507
205
978
239
35
199
66
51
780
902
818
113
83
217
553
954
319
782
318
707
383
361
878
408
437
612
659
472
91
253
297
303
805
18
916
793
888
243
925
231
6
954
781
118
996
203
329
858
93
575
82
214
202
675
75
281
582
4
267
116
226
115
45
117
803
647
641
488
832
3
306
210
442
606
839
604
649
28
415
123
719
947
284
450
974
356
976
619
695
821
25
714
72
678
270
964
520
81
35
431
444
414
445
298
941
208
136
866
835
89
305
343
341
181
899
725
847
481
609
985
800
985
563
403
233
53
420
771
449
953
589
420
111
287
366
68
118
749
398
195
387
421
403
454
43
558
386
311
393
815
474
957
111
891
530
871
670
700
769
138
473
705
708
523
957
500
523
429
174
382
128
537
304
462
183
890
537
310
324
377
583
449
362
345
784
240
364
598
301
66
413
387
935
949
284
67
57
704
648
886
855
481
380
942
551
912
365
658
968
0
142
50
848
687
588
680
680
186
925
106
349
565
657
277
420
565
320
171
741
407
362
442
298
699
751
840
433
772
647
91
917
898
630
394
995
910
256
866
64
767
61
799
632
872
205
495
109
438
717
241
49
357
59
89
600
42
375
623
391
996
410
46
624
8
248
944
797
468
270
203
935
317
394
61
663
947
445
988
403
181
53
664
922
935
119
370
865
30
241
999
840
348
338
1
621
151
710
564
479
156
302
233
374
200
144
825
946
836
676
966
785
980
787
886
834
661
931
181
796
377
440
352
915
620
697
336
646
386
236
946
318
740
519
308
606
209
628
407
79
296
603
252
979
233
150
878
676
414
982
109
19
528
568
546
588
302
813
259
472
461
569
174
29
192
310
691
475
462
188
671
43
988
36
374
33
810
837
69
558
166
248
178
881
679
716
633
853
339
848
778
232
547
296
306
329
289
108
658
196
77
274
390
858
713
865
631
469
694
974
777
488
951
972
75
955
208
213
258
862
562
263
741
765
62
693
32
208
58
92
28
468
71
34
182
604
112
794
51
776
69
180
895
517
485
521
349
433
528
971
175
332
462
536
166
241
399
70
891
582
624
814
199
794
211
116
471
200
595
416
473
68
249
576
887
738
64
797
142
72
919
761
802
108
301
24
107
150
695
331
998
263
506
146
871
710
897
832
650
688
223
737
645
476
59
621
480
862
190
806
760
704
773
228
188
376
608
944
914
55
749
896
62
458
620
548
390
446
399
701
584
997
860
293
374
822
325
631
454
529
5
443
944
955
88
183
478
283
224
998
375
446
68
584
595
698
383
395
191
376
549
245
886
272
738
335
205
90
570
787
401
486
270
334
331
311
109
164
404
987
175
257
647
559
888
279
531
566
778
898
805
422
701
38
968
262
935
282
381
199
976
662
805
78
684
341
859
553
682
579
123
834
105
955
25
919
375
829
458
237
657
360
142
881
125
414
440
28
654
311
877
934
812
733
243
802
730
38
40
594
941
265
561
237
136
394
318
392
57
189
681
870
947
746
422
19
194
834
229
820
159
304
115
143
620
198
288
136
693
199
539
118
693
259
811
844
567
892
81
929
409
898
498
955
885
129
527
218
67
612
182
123
518
172
436
283
4
933
527
694
42
379
545
266
871
430
175
508
316
495
677
699
718
340
650
874
990
509
991
929
814
659
425
904
760
91
753
507
739
603
852
847
7
508
180
810
776
560
345
855
729
841
834
186
276
771
267
158
177
10
652
354
956
127
94
237
649
348
544
37
703
169
815
140
143
230
818
830
963
944
793
791
461
768
163
883
208
321
290
247
566
828
664
390
597
475
520
528
162
700
671
719
605
291
410
881
172
651
565
2
76
682
393
695
313
971
662
666
489
856
842
947
682
383
151
745
556
7
226
340
60
650
799
581
218
648
848
9
542
82
671
690
924
243
544
327
908
625
609
529
843
954
912
740
846
732
295
355
465
310
965
38
934
507
608
768
531
973
808
278
38
948
317
122
451
523
493
333
536
683
260
520
809
245
587
937
523